1     5    0    150.00    1212
2     3    1    85.50     1912
3     7    2    220.00    1212
4     9    3    45.25     1111
5     12   2    199.99    512
6     18   2    78.90     1111
7     22   3    9.99      911
8     4    3    12.50     1201
9     15   4    25.00     909
10    1    4    35.75     909
11    8    3    42.00     1211
12    24   0    89.99     1209
13    2    4    60.00     1212
14    11   3    426.72    3012
15    6    1    29.99     1209
16    10   4    120.00    312
17    13   2    80.00     1209
18    19   1    10.50     2312
19    20   3    35.00     1810
20    14   2    230.00    1110
21    16   1    150.00    910
22    21   0    20.00     511
23    17   2    50.00     1112
24    25   4    80.00     912
25    23   3    15.00     811
26    5    1    320.00    512
27    3    0    10.00     312
28    7    2    75.50     1212
29    9    1    95.25     1912
30    12   2    299.99    1212
31    18   3    55.25     1111
32    4    2    89.99     512
33    22   2    178.90    1111
34    15   3    19.99     911
35    1    3    22.50     1201
36    8    4    45.00     909
37    24   4    55.75     909
38    2    3    52.00     1211
39    11   0    99.99     1209
40    6    4    70.00     1212

