1 Gupta 9393.00 9393.00
2 Sharma 99393.00 9393.00
3 Patil 1000.00 908.00
4 Deshmukh 11234.00 845.00
5 Iyer 23456.00 3200.00
6 Nair 15000.00 2700.00
7 Joshi 5000.00 400.00
8 Mehta 35000.00 7800.00
9 Reddy 45000.00 5300.00
10 Kapoor 22000.00 6200.00
11 Verma 20000.00 1500.00
12 Bhat 8000.00 2000.00
13 Rao 15000.00 2000.00
14 Kulkarni 9000.00 3500.00
15 Joshi 18000.00 7000.00
16 Singh 30000.00 5100.00
17 Agarwal 25000.00 4600.00
18 Bhagat 21000.00 2200.00
19 Patil 11000.00 3400.00
20 Bansal 30000.00 11000.00
21 Chinki 90000.00 1617.00
23 Soni 40000.00 9000.00
24 Tiwari 8000.00 1800.00
25 Gupta 13000.00 2900.00

