13 1 4 5.00 909
19 1 1 90.00 1209
12 1 3 4.00 1211
1006 4 2 4800.00 503
5 4 2 789.00 1111
13315240 13305240 3 2.00 1201
13 7 4 5.00 909
8 7 3 1.00 911
13 1 4 5.00 909
19 1 1 90.00 1209
12 1 3 4.00 1211
1001 1 0 15000.00 1212
1004 1 1 1200.00 1912
1008 2 2 800.00 1209
1005 2 3 750.00 1111
1002 2 2 3500.00 1212
1007 2 4 1200.00 312
9 3 3 2.00 1201
13 3 4 5.00 909
5 3 2 789.00 1111
8 3 3 1.00 911
1006 3 2 4800.00 512
1009 3 1 100.00 2312
2 4 0 890.00 1209
14 4 4 6.00 1212
1010 5 3 350.00 1810
1011 6 2 2300.00 1110
1012 8 1 1500.00 910
1013 9 0 200.00 511
1014 10 2 500.00 1112
1015 11 4 800.00 912
1016 12 3 150.00 811
1017 13 1 3200.00 512
1018 14 0 100.00 312
67 24 3 42672.00 3012
1000 78 4 90000.00 1901
13 1 4 5.00 909
19 1 1 90.00 1209
12 1 3 4.00 1211
1001 1 0 15000.00 1212
1004 1 1 1200.00 1912
1008 2 2 800.00 1209
1005 2 3 750.00 1111
1002 2 2 3500.00 1212
1007 2 4 1200.00 312
9 3 3 2.00 1201
13 3 4 5.00 909
5 3 2 789.00 1111
8 3 3 1.00 911
1006 3 2 4800.00 512
1009 3 1 100.00 2312
2 4 0 890.00 1209
14 4 4 6.00 1212
1010 5 3 350.00 1810
1011 6 2 2300.00 1110
1012 8 1 1500.00 910
1013 9 0 200.00 511
1014 10 2 500.00 1112
1015 11 4 800.00 912
1016 12 3 150.00 811
1017 13 1 3200.00 512
1018 14 0 100.00 312
67 24 3 42672.00 3012
101 27 1 7800.00 404
35 1 3 22.50 1201
10 1 4 35.75 909
38 2 3 52.00 1211
13 2 4 60.00 1212
2 3 1 85.50 1912
27 3 0 10.00 312
8 4 3 12.50 1201
32 4 2 89.99 512
1 5 0 150.00 1212
26 5 1 320.00 512
15 6 1 29.99 1209
40 6 4 70.00 1212
3 7 2 220.00 1212
28 7 2 75.50 1212
36 8 4 45.00 909
11 8 3 42.00 1211
42 8 4 12000.00 3012
4 9 3 45.25 1111
29 9 1 95.25 1912
16 10 4 120.00 312
39 11 0 99.99 1209
14 11 3 426.72 3012
5 12 2 199.99 512
30 12 2 299.99 1212
17 13 2 80.00 1209
20 14 2 230.00 1110
9 15 4 25.00 909
34 15 3 19.99 911
21 16 1 150.00 910
23 17 2 50.00 1112
6 18 2 78.90 1111
31 18 3 55.25 1111
18 19 1 10.50 2312
19 20 3 35.00 1810
22 21 0 20.00 511
7 22 3 9.99 911
33 22 2 178.90 1111
25 23 3 15.00 811
12 24 0 89.99 1209
37 24 4 55.75 909
24 25 4 80.00 912
